0.0	8661.0	10034.0	4409.0	8425.0	8658.0	8155.0	0.0
8661.0	0.0	5706.0	5054.0	847.0	5750.0	9117.0	8687.0
10034.0	5706.0	0.0	7399.0	6432.0	8095.0	11461.0	11133.0
4409.0	5054.0	7399.0	0.0	4517.0	4502.0	4615.0	4527.0
8425.0	847.0	6432.0	4517.0	0.0	5230.0	8596.0	8233.0
8658.0	5750.0	8095.0	4502.0	5230.0	0.0	5351.0	8639.0
8155.0	9117.0	11461.0	4615.0	8596.0	5351.0	0.0	6243.0
0.0	8687.0	11133.0	4527.0	8233.0	8639.0	6243.0	0.0
