0.0	964.0	1044.0	541.0	920.0	920.0	728.0	0.0
964.0	0.0	518.0	599.0	142.0	515.0	777.0	975.0
1044.0	518.0	0.0	783.0	666.0	698.0	960.0	1211.0
541.0	599.0	783.0	0.0	509.0	455.0	348.0	585.0
920.0	142.0	666.0	509.0	0.0	475.0	738.0	922.0
920.0	515.0	698.0	455.0	475.0	0.0	483.0	997.0
728.0	777.0	960.0	348.0	738.0	483.0	0.0	680.0
0.0	975.0	1211.0	585.0	922.0	997.0	680.0	0.0
