0.0	9829.0	7904.0	8947.0	7393.0	0.0
9829.0	0.0	5780.0	536.0	5635.0	9829.0
7904.0	5780.0	0.0	5601.0	503.0	7904.0
8947.0	536.0	5601.0	0.0	5456.0	8947.0
7393.0	5635.0	503.0	5456.0	0.0	7393.0
0.0	9829.0	7904.0	8947.0	7393.0	0.0
