0.0	1139.0	885.0	1172.0	856.0	0.0
1139.0	0.0	630.0	356.0	596.0	1075.0
885.0	630.0	0.0	809.0	151.0	891.0
1172.0	356.0	809.0	0.0	771.0	1116.0
856.0	596.0	151.0	771.0	0.0	841.0
0.0	1075.0	891.0	1116.0	841.0	0.0
