0.0	10556.0	7975.0	10154.0	7810.0	0.0
10556.0	0.0	5936.0	2730.0	5771.0	10461.0
7975.0	5936.0	0.0	6439.0	933.0	7891.0
10154.0	2730.0	6439.0	0.0	6720.0	9952.0
7810.0	5771.0	933.0	6720.0	0.0	7726.0
0.0	10461.0	7891.0	9952.0	7726.0	0.0
