0.0	11588.0	9765.0	6290.0	9232.0	9192.0	5702.0	0.0
11588.0	0.0	18485.0	15852.0	2698.0	17912.0	15263.0	9602.0
9765.0	18485.0	0.0	5472.0	17743.0	1026.0	5343.0	9579.0
6290.0	15852.0	5472.0	0.0	14988.0	4653.0	790.0	6013.0
9232.0	2698.0	17743.0	14988.0	0.0	18239.0	15590.0	9929.0
9192.0	17912.0	1026.0	4653.0	18239.0	0.0	4527.0	8853.0
5702.0	15263.0	5343.0	790.0	15590.0	4527.0	0.0	5454.0
0.0	9602.0	9579.0	6013.0	9929.0	8853.0	5454.0	0.0
