0.0	846.0	644.0	732.0	529.0	0.0
846.0	0.0	520.0	111.0	539.0	804.0
644.0	520.0	0.0	528.0	172.0	717.0
732.0	111.0	528.0	0.0	511.0	718.0
529.0	539.0	172.0	511.0	0.0	584.0
0.0	804.0	717.0	718.0	584.0	0.0
