0.0	6141.0	5083.0	5505.0	4724.0	0.0
6141.0	0.0	10995.0	381.0	10637.0	6013.0
5083.0	10995.0	0.0	10523.0	299.0	5116.0
5505.0	381.0	10523.0	0.0	10017.0	5393.0
4724.0	10637.0	299.0	10017.0	0.0	4756.0
0.0	6013.0	5116.0	5393.0	4756.0	0.0
