0.0	804.0	836.0	700.0	800.0	0.0
804.0	0.0	1445.0	131.0	1409.0	849.0
836.0	1445.0	0.0	1299.0	158.0	780.0
700.0	131.0	1299.0	0.0	1325.0	765.0
800.0	1409.0	158.0	1325.0	0.0	826.0
0.0	849.0	780.0	765.0	826.0	0.0
