0.0	871.0	926.0	1059.0	845.0	807.0	954.0	0.0
871.0	0.0	1146.0	756.0	169.0	1021.0	709.0	842.0
926.0	1146.0	0.0	569.0	1081.0	138.0	497.0	939.0
1059.0	756.0	569.0	0.0	714.0	445.0	202.0	1090.0
845.0	169.0	1081.0	714.0	0.0	926.0	614.0	984.0
807.0	1021.0	138.0	445.0	926.0	0.0	372.0	813.0
954.0	709.0	497.0	202.0	614.0	372.0	0.0	903.0
0.0	842.0	939.0	1090.0	984.0	813.0	903.0	0.0
