0.0	9866.0	4422.0	8957.0	3411.0	0.0
9866.0	0.0	6534.0	512.0	7277.0	9866.0
4422.0	6534.0	0.0	4846.0	529.0	4466.0
8957.0	512.0	4846.0	0.0	5595.0	9000.0
3411.0	7277.0	529.0	5595.0	0.0	3411.0
0.0	9866.0	4466.0	9000.0	3411.0	0.0
