0.0	10034.0	4409.0	8658.0	8155.0	0.0
10034.0	0.0	7399.0	8095.0	11461.0	11133.0
4409.0	7399.0	0.0	4502.0	4615.0	4527.0
8658.0	8095.0	4502.0	0.0	5351.0	8639.0
8155.0	11461.0	4615.0	5351.0	0.0	6243.0
0.0	11133.0	4527.0	8639.0	6243.0	0.0
