0.0	901.0	692.0	833.0	677.0	0.0
901.0	0.0	1122.0	94.0	1127.0	901.0
692.0	1122.0	0.0	1120.0	395.0	892.0
833.0	94.0	1120.0	0.0	1032.0	806.0
677.0	1127.0	395.0	1032.0	0.0	696.0
0.0	901.0	892.0	806.0	696.0	0.0
