0.0	5509.0	5210.0	4825.0	4975.0	0.0
5509.0	0.0	9620.0	333.0	8889.0	5553.0
5210.0	9620.0	0.0	8875.0	327.0	5123.0
4825.0	333.0	8875.0	0.0	8261.0	4868.0
4975.0	8889.0	327.0	8261.0	0.0	4903.0
0.0	5553.0	5123.0	4868.0	4903.0	0.0
