0.0	1237.0	1020.0	859.0	987.0	987.0	786.0	0.0
1237.0	0.0	1663.0	1477.0	224.0	1630.0	1405.0	1020.0
1020.0	1663.0	0.0	594.0	1664.0	131.0	581.0	1069.0
859.0	1477.0	594.0	0.0	1400.0	521.0	159.0	811.0
987.0	224.0	1664.0	1400.0	0.0	1667.0	1442.0	1058.0
987.0	1630.0	131.0	521.0	1667.0	0.0	494.0	972.0
786.0	1405.0	581.0	159.0	1442.0	494.0	0.0	757.0
0.0	1020.0	1069.0	811.0	1058.0	972.0	757.0	0.0
