0.0	6992.0	6422.0	6163.0	6025.0	0.0
6992.0	0.0	11729.0	828.0	11257.0	6918.0
6422.0	11729.0	0.0	12966.0	4272.0	8861.0
6163.0	828.0	12966.0	0.0	10429.0	6090.0
6025.0	11257.0	4272.0	10429.0	0.0	6157.0
0.0	6918.0	8861.0	6090.0	6157.0	0.0
