0.0	6647.0	6189.0	5785.0	5857.0	0.0
6647.0	0.0	11579.0	547.0	10703.0	6647.0
6189.0	11579.0	0.0	10750.0	543.0	6189.0
5785.0	547.0	10750.0	0.0	9872.0	5785.0
5857.0	10703.0	543.0	9872.0	0.0	5857.0
0.0	6647.0	6189.0	5785.0	5857.0	0.0
