0.0	9193.0	9109.0	8889.0	8296.0	0.0
9193.0	0.0	17205.0	588.0	16392.0	9193.0
9109.0	17205.0	0.0	16908.0	469.5	9109.0
8889.0	588.0	16908.0	0.0	16087.0	8889.0
8296.0	16392.0	469.5	16087.0	0.0	8296.0
0.0	9193.0	9109.0	8889.0	8296.0	0.0
