0.0	9436.0	9781.0	9425.0	9259.0	0.0
9436.0	0.0	17615.0	1345.0	16780.0	9372.0
9781.0	17615.0	0.0	17739.0	1478.0	9295.0
9425.0	1345.0	17739.0	0.0	16770.0	9361.0
9259.0	16780.0	1478.0	16770.0	0.0	8462.0
0.0	9372.0	9295.0	9361.0	8462.0	0.0
