0.0	7682.0	7590.0	7420.0	6912.0	0.0
7682.0	0.0	14234.0	464.0	13556.0	7597.0
7590.0	14234.0	0.0	14046.0	247.7	7565.0
7420.0	464.0	14046.0	0.0	13300.0	7342.0
6912.0	13556.0	247.7	13300.0	0.0	6911.0
0.0	7597.0	7565.0	7342.0	6911.0	0.0
