0.0	984.0	998.0	1018.0	985.0	0.0
984.0	0.0	1604.0	175.0	1551.0	1027.0
998.0	1604.0	0.0	1648.0	234.0	1047.0
1018.0	175.0	1648.0	0.0	1580.0	1056.0
985.0	1551.0	234.0	1580.0	0.0	975.0
0.0	1027.0	1047.0	1056.0	975.0	0.0
