0.0	729.0	866.0	913.0	688.0	820.0	895.0	0.0
729.0	0.0	567.0	504.0	128.0	520.0	426.0	696.0
866.0	567.0	0.0	488.0	622.0	149.0	432.0	844.0
913.0	504.0	488.0	0.0	560.0	576.0	158.0	915.0
688.0	128.0	622.0	560.0	0.0	553.0	458.0	621.0
820.0	520.0	149.0	576.0	553.0	0.0	492.0	769.0
895.0	426.0	432.0	158.0	458.0	492.0	0.0	876.0
0.0	696.0	844.0	915.0	621.0	769.0	876.0	0.0
