0.0	4748.0	5677.0	6756.0	4134.0	5019.0	6111.0	0.0
4748.0	0.0	4583.0	3498.0	341.0	3926.0	2853.0	4726.0
5677.0	4583.0	0.0	4010.0	4935.0	389.0	3481.0	5719.0
6756.0	3498.0	4010.0	0.0	3789.0	4307.0	299.0	6739.0
4134.0	341.0	4935.0	3789.0	0.0	4214.0	3142.0	4146.0
5019.0	3926.0	389.0	4307.0	4214.0	0.0	3822.0	5050.0
6111.0	2853.0	3481.0	299.0	3142.0	3822.0	0.0	6099.0
0.0	4726.0	5719.0	6739.0	4146.0	5050.0	6099.0	0.0
