0.0	6737.0	5612.0	6117.0	4699.0	0.0
6737.0	0.0	4363.0	544.3	4311.0	6737.0
5612.0	4363.0	0.0	3803.0	504.6	5612.0
6117.0	544.3	3803.0	0.0	3752.0	6117.0
4699.0	4311.0	504.6	3752.0	0.0	4699.0
0.0	6737.0	5612.0	6117.0	4699.0	0.0
