0.0	7203.0	5947.0	6324.0	4719.0	0.0
7203.0	0.0	4621.0	638.0	4845.0	6871.0
5947.0	4621.0	0.0	4389.0	1243.0	6057.0
6324.0	638.0	4389.0	0.0	4370.0	6253.0
4719.0	4845.0	1243.0	4370.0	0.0	4822.0
0.0	6871.0	6057.0	6253.0	4822.0	0.0
