0.0	755.0	925.0	631.0	918.0	0.0
755.0	0.0	336.0	245.0	297.0	831.0
925.0	336.0	0.0	415.0	80.0	966.0
631.0	245.0	415.0	0.0	409.0	696.0
918.0	297.0	80.0	409.0	0.0	971.0
0.0	831.0	966.0	696.0	971.0	0.0
