0.0	5386.0	7592.0	4816.0	7049.0	0.0
5386.0	0.0	2324.0	331.4	1754.0	5301.0
7592.0	2324.0	0.0	2912.0	525.0	7432.0
4816.0	331.4	2912.0	0.0	2426.0	4744.0
7049.0	1754.0	525.0	2426.0	0.0	6923.0
0.0	5301.0	7432.0	4744.0	6923.0	0.0
