0.0	7248.0	9238.0	5908.0	8568.0	0.0
7248.0	0.0	2737.0	1637.0	2066.0	7357.0
9238.0	2737.0	0.0	3805.0	666.0	9338.0
5908.0	1637.0	3805.0	0.0	3771.0	5945.0
8568.0	2066.0	666.0	3771.0	0.0	9304.0
0.0	7357.0	9338.0	5945.0	9304.0	0.0
