0.0	8321.0	6927.0	7481.0	5997.0	0.0
8321.0	0.0	7929.0	480.0	7400.0	8397.0
6927.0	7929.0	0.0	7121.0	492.0	6927.0
7481.0	480.0	7121.0	0.0	6530.0	7481.0
5997.0	7400.0	492.0	6530.0	0.0	5997.0
0.0	8397.0	6927.0	7481.0	5997.0	0.0
