0.0	9974.0	5945.0	6698.0	9748.0	5512.0	6551.0	0.0
9974.0	0.0	9851.0	15145.0	532.5	9886.0	14999.0	9974.0
5945.0	9851.0	0.0	5788.0	9181.0	529.1	5641.0	5945.0
6698.0	15145.0	5788.0	0.0	14475.0	5707.0	474.0	6698.0
9748.0	532.5	9181.0	14475.0	0.0	9217.0	14329.0	9742.0
5512.0	9886.0	529.1	5707.0	9217.0	0.0	5561.0	5512.0
6551.0	14999.0	5641.0	474.0	14329.0	5561.0	0.0	6551.0
0.0	9974.0	5945.0	6698.0	9742.0	5512.0	6551.0	0.0
