0.0	1089.0	594.0	711.0	1206.0	613.0	727.0	0.0
1089.0	0.0	1125.0	1675.0	281.0	1195.0	1690.0	1145.0
594.0	1125.0	0.0	632.0	1125.0	105.0	677.0	653.0
711.0	1675.0	632.0	0.0	1817.0	805.0	294.0	871.0
1206.0	281.0	1125.0	1817.0	0.0	1180.0	1680.0	1160.0
613.0	1195.0	105.0	805.0	1180.0	0.0	718.0	665.0
727.0	1690.0	677.0	294.0	1680.0	718.0	0.0	756.0
0.0	1145.0	653.0	871.0	1160.0	665.0	756.0	0.0
