0.0	10787.0	5965.0	6948.0	10394.0	5532.0	6685.0	0.0
10787.0	0.0	10759.0	17637.0	1918.0	11011.0	17374.0	10812.0
5965.0	10759.0	0.0	7240.0	10026.0	657.0	7000.0	6075.0
6948.0	17637.0	7240.0	0.0	18580.0	8484.0	3127.0	8335.0
10394.0	1918.0	10026.0	18580.0	0.0	10327.0	17056.0	10339.0
5532.0	11011.0	657.0	8484.0	10327.0	0.0	6975.0	5642.0
6685.0	17374.0	7000.0	3127.0	17056.0	6975.0	0.0	6799.0
0.0	10812.0	6075.0	8335.0	10339.0	5642.0	6799.0	0.0
