0.0	8320.0	4952.0	5620.0	8168.0	4578.0	5503.0	0.0
8320.0	0.0	8242.0	12479.0	355.2	8264.0	12363.0	8215.0
4952.0	8242.0	0.0	4717.0	7710.0	265.1	4600.0	4860.0
5620.0	12479.0	4717.0	0.0	11952.0	4649.0	381.0	5530.0
8168.0	355.2	7710.0	11952.0	0.0	7726.0	11824.0	8069.0
4578.0	8264.0	265.1	4649.0	7726.0	0.0	4544.0	4505.0
5503.0	12363.0	4600.0	381.0	11824.0	4544.0	0.0	5421.0
0.0	8215.0	4860.0	5530.0	8069.0	4505.0	5421.0	0.0
