0.0	4744.0	8766.0	7233.0	4133.0	7959.0	6816.0	0.0
4744.0	0.0	10186.0	11193.0	339.0	9358.0	10775.0	4730.0
8766.0	10186.0	0.0	10763.0	9655.0	377.0	10346.0	8465.0
7233.0	11193.0	10763.0	0.0	10502.0	10745.0	262.0	7210.0
4133.0	339.0	9655.0	10502.0	0.0	9125.0	10168.0	4123.0
7959.0	9358.0	377.0	10745.0	9125.0	0.0	10137.0	7774.0
6816.0	10775.0	10346.0	262.0	10168.0	10137.0	0.0	6801.0
0.0	4730.0	8465.0	7210.0	4123.0	7774.0	6801.0	0.0
