0.0	806.0	1087.0	1024.0	681.0	1011.0	793.0	0.0
806.0	0.0	1278.0	1431.0	207.0	1194.0	1196.0	763.0
1087.0	1278.0	0.0	1324.0	1143.0	174.0	1158.0	1076.0
1024.0	1431.0	1324.0	0.0	1323.0	1402.0	436.0	1058.0
681.0	207.0	1143.0	1323.0	0.0	1103.0	1112.0	645.0
1011.0	1194.0	174.0	1402.0	1103.0	0.0	1179.0	1068.0
793.0	1196.0	1158.0	436.0	1112.0	1179.0	0.0	1267.0
0.0	763.0	1076.0	1058.0	645.0	1068.0	1267.0	0.0
