0.0	6165.0	10980.0	9228.0	5028.0	9644.0	8063.0	0.0
6165.0	0.0	13576.0	15005.0	1124.0	12230.0	13840.0	6238.0
10980.0	13576.0	0.0	12917.0	12764.0	1489.0	12652.0	10694.0
9228.0	15005.0	12917.0	0.0	13083.0	12731.0	4810.0	9036.0
5028.0	1124.0	12764.0	13083.0	0.0	11814.0	11986.0	5525.0
9644.0	12230.0	1489.0	12731.0	11814.0	0.0	12552.0	9744.0
8063.0	13840.0	12652.0	4810.0	11986.0	12552.0	0.0	14338.0
0.0	6238.0	10694.0	9036.0	5525.0	9744.0	14338.0	0.0
