0.0	1087.0	1024.0	1011.0	793.0	0.0
1087.0	0.0	1324.0	174.0	1158.0	1076.0
1024.0	1324.0	0.0	1402.0	436.0	1058.0
1011.0	174.0	1402.0	0.0	1179.0	1068.0
793.0	1158.0	436.0	1179.0	0.0	1267.0
0.0	1076.0	1058.0	1068.0	1267.0	0.0
