0.0	8766.0	7233.0	7959.0	6816.0	0.0
8766.0	0.0	10763.0	377.0	10346.0	8465.0
7233.0	10763.0	0.0	10745.0	262.0	7210.0
7959.0	377.0	10745.0	0.0	10137.0	7774.0
6816.0	10346.0	262.0	10137.0	0.0	6801.0
0.0	8465.0	7210.0	7774.0	6801.0	0.0
