0.0	6077.0	6870.0	8264.0	5101.0	6066.0	8017.0	0.0
6077.0	0.0	6041.0	4453.0	1142.0	5237.0	3563.0	6007.0
6870.0	6041.0	0.0	4870.0	6296.0	823.0	4242.0	6800.0
8264.0	4453.0	4870.0	0.0	4653.0	5675.0	969.0	8180.0
5101.0	1142.0	6296.0	4653.0	0.0	5435.0	3761.0	4978.0
6066.0	5237.0	823.0	5675.0	5435.0	0.0	5049.0	5999.0
8017.0	3563.0	4242.0	969.0	3761.0	5049.0	0.0	7933.0
0.0	6007.0	6800.0	8180.0	4978.0	5999.0	7933.0	0.0
