0.0	5679.0	6816.0	8051.0	4949.0	5999.0	7297.0	0.0
5679.0	0.0	5578.0	4187.0	480.0	4760.0	3433.0	5679.0
6816.0	5578.0	0.0	4797.0	5906.0	451.0	4165.0	6816.0
8051.0	4187.0	4797.0	0.0	4516.0	5225.0	478.0	8051.0
4949.0	480.0	5906.0	4516.0	0.0	5088.0	3761.0	4980.0
5999.0	4760.0	451.0	5225.0	5088.0	0.0	4593.0	5999.0
7297.0	3433.0	4165.0	478.0	3761.0	4593.0	0.0	7297.0
0.0	5679.0	6816.0	8051.0	4980.0	5999.0	7297.0	0.0
