0.0	8012.0	8639.0	8619.0	7211.0	8762.0	7858.0	0.0
8012.0	0.0	14626.0	3078.0	470.0	14721.0	2317.0	8012.0
8639.0	14626.0	0.0	16417.0	13687.0	530.0	15656.0	8639.0
8619.0	3078.0	16417.0	0.0	3600.0	16532.0	532.0	8619.0
7211.0	470.0	13687.0	3600.0	0.0	13811.0	2839.0	7212.0
8762.0	14721.0	530.0	16532.0	13811.0	0.0	15780.0	8762.0
7858.0	2317.0	15656.0	532.0	2839.0	15780.0	0.0	7858.0
0.0	8012.0	8639.0	8619.0	7212.0	8762.0	7858.0	0.0
