0.0	6792.0	7061.0	7388.0	6358.0	6452.0	6732.0	0.0
6792.0	0.0	9141.0	5091.0	293.0	8547.0	4816.0	6738.0
7061.0	9141.0	0.0	4045.0	8393.0	381.0	4250.0	6907.0
7388.0	5091.0	4045.0	0.0	4799.0	3513.0	343.0	7290.0
6358.0	293.0	8393.0	4799.0	0.0	7910.0	4554.0	6301.0
6452.0	8547.0	381.0	3513.0	7910.0	0.0	3675.0	6319.0
6732.0	4816.0	4250.0	343.0	4554.0	3675.0	0.0	6647.0
0.0	6738.0	6907.0	7290.0	6301.0	6319.0	6647.0	0.0
