0.0	8086.0	8416.0	8818.0	7600.0	7684.0	8016.0	0.0
8086.0	0.0	10956.0	6092.0	501.0	10230.0	5770.0	8086.0
8416.0	10956.0	0.0	4926.0	10214.0	516.0	5184.0	8416.0
8818.0	6092.0	4926.0	0.0	5767.0	4200.0	549.0	8818.0
7600.0	501.0	10214.0	5767.0	0.0	9490.0	5412.0	7600.0
7684.0	10230.0	516.0	4200.0	9490.0	0.0	4458.0	7684.0
8016.0	5770.0	5184.0	549.0	5412.0	4458.0	0.0	8016.0
0.0	8086.0	8416.0	8818.0	7600.0	7684.0	8016.0	0.0
