0.0	8165.0	8439.0	9324.0	7677.0	7707.0	8359.0	0.0
8165.0	0.0	11810.0	6838.0	1044.0	11078.0	6654.0	8062.0
8439.0	11810.0	0.0	4934.0	10990.0	788.0	5280.0	8542.0
9324.0	6838.0	4934.0	0.0	6068.0	4243.0	861.0	9133.0
7677.0	1044.0	10990.0	6068.0	0.0	10547.0	6122.0	8602.0
7707.0	11078.0	788.0	4243.0	10547.0	0.0	4549.0	7810.0
8359.0	6654.0	5280.0	861.0	6122.0	4549.0	0.0	8296.0
0.0	8062.0	8542.0	9133.0	8602.0	7810.0	8296.0	0.0
