0.0	7295.0	6144.0	6530.0	5807.0	0.0
7295.0	0.0	13250.0	894.0	12913.0	7413.0
6144.0	13250.0	0.0	12483.0	832.0	6077.0
6530.0	894.0	12483.0	0.0	12160.0	6660.0
5807.0	12913.0	832.0	12160.0	0.0	6279.0
0.0	7413.0	6077.0	6660.0	6279.0	0.0
