0.0	10693.0	10783.0	6459.0	9799.0	11048.0	5837.0	0.0
10693.0	0.0	8127.0	8714.0	915.0	8393.0	9116.0	10502.0
10783.0	8127.0	0.0	6358.0	7218.0	835.0	4847.0	10703.0
6459.0	8714.0	6358.0	0.0	9182.0	4522.0	1833.0	7596.0
9799.0	915.0	7218.0	9182.0	0.0	7489.0	8212.0	9608.0
11048.0	8393.0	835.0	4522.0	7489.0	0.0	5113.0	10969.0
5837.0	9116.0	4847.0	1833.0	8212.0	5113.0	0.0	5827.0
0.0	10502.0	10703.0	7596.0	9608.0	10969.0	5827.0	0.0
