0.0	1058.0	1141.0	817.0	994.0	1239.0	812.0	0.0
1058.0	0.0	660.0	730.0	145.0	758.0	770.0	1065.0
1141.0	660.0	0.0	468.0	560.0	144.0	410.0	1110.0
817.0	730.0	468.0	0.0	777.0	449.0	188.0	866.0
994.0	145.0	560.0	777.0	0.0	706.0	718.0	1012.0
1239.0	758.0	144.0	449.0	706.0	0.0	527.0	1227.0
812.0	770.0	410.0	188.0	718.0	527.0	0.0	795.0
0.0	1065.0	1110.0	866.0	1012.0	1227.0	795.0	0.0
