0.0	10059.0	10023.0	6067.0	9357.0	10256.0	5451.0	0.0
10059.0	0.0	7925.0	8227.0	540.0	8153.0	8332.0	10059.0
10023.0	7925.0	0.0	4238.0	7223.0	524.0	4818.0	10023.0
6067.0	8227.0	4238.0	0.0	7525.0	4471.0	594.0	6067.0
9357.0	540.0	7223.0	7525.0	0.0	7450.0	7630.0	9356.0
10256.0	8153.0	524.0	4471.0	7450.0	0.0	5051.0	10256.0
5451.0	8332.0	4818.0	594.0	7630.0	5051.0	0.0	5451.0
0.0	10059.0	10023.0	6067.0	9356.0	10256.0	5451.0	0.0
