0.0	5426.0	8635.0	7054.0	4441.0	7851.0	5925.0	0.0
5426.0	0.0	10495.0	11680.0	1012.0	9711.0	10588.0	5452.0
8635.0	10495.0	0.0	10608.0	9681.0	886.0	10292.0	8488.0
7054.0	11680.0	10608.0	0.0	10768.0	9849.0	870.0	7164.0
4441.0	1012.0	9681.0	10768.0	0.0	9039.0	10228.0	4467.0
7851.0	9711.0	886.0	9849.0	9039.0	0.0	9533.0	7728.0
5925.0	10588.0	10292.0	870.0	10228.0	9533.0	0.0	6043.0
0.0	5452.0	8488.0	7164.0	4467.0	7728.0	6043.0	0.0
