0.0	4291.0	8288.0	6683.0	3549.0	7400.0	5805.0	0.0
4291.0	0.0	9800.0	10888.0	465.0	9168.0	10006.0	4291.0
8288.0	9800.0	0.0	9499.0	9381.0	458.0	9183.0	8263.0
6683.0	10888.0	9499.0	0.0	10190.0	9000.0	540.0	6683.0
3549.0	465.0	9381.0	10190.0	0.0	8751.0	9313.0	3549.0
7400.0	9168.0	458.0	9000.0	8751.0	0.0	8685.0	7378.0
5805.0	10006.0	9183.0	540.0	9313.0	8685.0	0.0	5814.0
0.0	4291.0	8263.0	6683.0	3549.0	7378.0	5814.0	0.0
