0.0	770.0	970.0	703.0	658.0	904.0	665.0	0.0
770.0	0.0	1077.0	1167.0	192.0	1011.0	1095.0	767.0
970.0	1077.0	0.0	1043.0	1029.0	161.0	1013.0	937.0
703.0	1167.0	1043.0	0.0	1095.0	986.0	134.0	780.0
658.0	192.0	1029.0	1095.0	0.0	967.0	1019.0	667.0
904.0	1011.0	161.0	986.0	967.0	0.0	938.0	862.0
665.0	1095.0	1013.0	134.0	1019.0	938.0	0.0	697.0
0.0	767.0	937.0	780.0	667.0	862.0	697.0	0.0
