0.0	5988.0	5382.0	5223.0	4900.0	0.0
5988.0	0.0	6038.0	770.0	5557.0	6213.0
5382.0	6038.0	0.0	6088.0	482.0	5311.0
5223.0	770.0	6088.0	0.0	5550.0	5153.0
4900.0	5557.0	482.0	5550.0	0.0	4829.0
0.0	6213.0	5311.0	5153.0	4829.0	0.0
