0.0	9471.0	8700.0	5382.0	9584.0	7588.0	4900.0	0.0
9471.0	0.0	5368.0	5653.0	734.0	5878.0	5172.0	9492.0
8700.0	5368.0	0.0	11009.0	6090.0	796.0	10527.0	8070.0
5382.0	5653.0	11009.0	0.0	5719.0	10280.0	482.0	5311.0
9584.0	734.0	6090.0	5719.0	0.0	6472.0	5241.0	9561.0
7588.0	5878.0	796.0	10280.0	6472.0	0.0	9944.0	7778.0
4900.0	5172.0	10527.0	482.0	5241.0	9944.0	0.0	4829.0
0.0	9492.0	8070.0	5311.0	9561.0	7778.0	4829.0	0.0
