0.0	4854.0	4469.0	4232.0	4076.0	0.0
4854.0	0.0	4588.0	241.3	4195.0	4824.0
4469.0	4588.0	0.0	4676.0	392.0	4485.0
4232.0	241.3	4676.0	0.0	4238.0	4208.0
4076.0	4195.0	392.0	4238.0	0.0	4093.0
0.0	4824.0	4485.0	4208.0	4093.0	0.0
