0.0	8989.0	7308.0	5311.0	9143.0	6789.0	4829.0	0.0
8989.0	0.0	5348.0	5653.0	514.4	5494.0	5172.0	8990.0
7308.0	5348.0	0.0	9766.0	6082.0	460.9	9284.0	7308.0
5311.0	5653.0	9766.0	0.0	5723.0	9380.0	482.0	5311.0
9143.0	514.4	6082.0	5723.0	0.0	6228.0	5241.0	9188.0
6789.0	5494.0	460.9	9380.0	6228.0	0.0	8898.0	6789.0
4829.0	5172.0	9284.0	482.0	5241.0	8898.0	0.0	4829.0
0.0	8990.0	7308.0	5311.0	9188.0	6789.0	4829.0	0.0
