0.0	7404.0	6048.0	4469.0	7579.0	5621.0	4076.0	0.0
7404.0	0.0	4362.0	4701.0	337.3	4486.0	4309.0	7474.0
6048.0	4362.0	0.0	8152.0	4927.0	294.3	7760.0	6084.0
4469.0	4701.0	8152.0	0.0	4703.0	7808.0	392.0	4485.0
7579.0	337.3	4927.0	4703.0	0.0	5077.0	4365.0	7680.0
5621.0	4486.0	294.3	7808.0	5077.0	0.0	7442.0	5657.0
4076.0	4309.0	7760.0	392.0	4365.0	7442.0	0.0	4093.0
0.0	7474.0	6084.0	4485.0	7680.0	5657.0	4093.0	0.0
