0.0	795.0	727.0	700.0	696.0	0.0
795.0	0.0	602.0	177.0	570.0	760.0
727.0	602.0	0.0	584.0	32.0	697.0
700.0	177.0	584.0	0.0	559.0	684.0
696.0	570.0	32.0	559.0	0.0	665.0
0.0	760.0	697.0	684.0	665.0	0.0
