0.0	1101.0	1001.0	727.0	1140.0	961.0	696.0	0.0
1101.0	0.0	424.0	519.0	103.0	465.0	488.0	1024.0
1001.0	424.0	0.0	948.0	532.0	116.0	917.0	951.0
727.0	519.0	948.0	0.0	576.0	904.0	32.0	697.0
1140.0	103.0	532.0	576.0	0.0	618.0	554.0	1091.0
961.0	465.0	116.0	904.0	618.0	0.0	894.0	921.0
696.0	488.0	917.0	32.0	554.0	894.0	0.0	665.0
0.0	1024.0	951.0	697.0	1091.0	921.0	665.0	0.0
