0.0	5945.0	6698.0	5512.0	6551.0	0.0
5945.0	0.0	5788.0	529.1	5641.0	5945.0
6698.0	5788.0	0.0	5707.0	474.0	6698.0
5512.0	529.1	5707.0	0.0	5561.0	5512.0
6551.0	5641.0	474.0	5561.0	0.0	6551.0
0.0	5945.0	6698.0	5512.0	6551.0	0.0
