0.0	594.0	711.0	613.0	727.0	0.0
594.0	0.0	632.0	105.0	677.0	653.0
711.0	632.0	0.0	805.0	294.0	871.0
613.0	105.0	805.0	0.0	718.0	665.0
727.0	677.0	294.0	718.0	0.0	756.0
0.0	653.0	871.0	665.0	756.0	0.0
