0.0	5965.0	6948.0	5532.0	6685.0	0.0
5965.0	0.0	7240.0	657.0	7000.0	6075.0
6948.0	7240.0	0.0	8484.0	3127.0	8335.0
5532.0	657.0	8484.0	0.0	6975.0	5642.0
6685.0	7000.0	3127.0	6975.0	0.0	6799.0
0.0	6075.0	8335.0	5642.0	6799.0	0.0
