0.0	3591.0	5437.0	2976.0	5005.0	0.0
3591.0	0.0	6997.0	325.0	6447.0	3609.0
5437.0	6997.0	0.0	6465.0	311.0	5404.0
2976.0	325.0	6465.0	0.0	5988.0	2991.0
5005.0	6447.0	311.0	5988.0	0.0	4983.0
0.0	3609.0	5404.0	2991.0	4983.0	0.0
