0.0	8288.0	6532.0	7400.0	6026.0	0.0
8288.0	0.0	12520.0	509.0	12526.0	8263.0
6532.0	12520.0	0.0	12021.0	500.0	6576.0
7400.0	509.0	12021.0	0.0	12027.0	7378.0
6026.0	12526.0	500.0	12027.0	0.0	6070.0
0.0	8263.0	6576.0	7378.0	6070.0	0.0
