0.0	770.0	723.0	658.0	696.0	0.0
770.0	0.0	899.0	192.0	847.0	767.0
723.0	899.0	0.0	801.0	101.0	750.0
658.0	192.0	801.0	0.0	771.0	667.0
696.0	847.0	101.0	771.0	0.0	720.0
0.0	767.0	750.0	667.0	720.0	0.0
