0.0	8635.0	6741.0	7851.0	6096.0	0.0
8635.0	0.0	15140.0	886.0	14495.0	8488.0
6741.0	15140.0	0.0	14392.0	708.0	6866.0
7851.0	886.0	14392.0	0.0	13735.0	7728.0
6096.0	14495.0	708.0	13735.0	0.0	6211.0
0.0	8488.0	6866.0	7728.0	6211.0	0.0
