0.0	4291.0	6532.0	3549.0	6026.0	0.0
4291.0	0.0	8339.0	473.0	7674.0	4291.0
6532.0	8339.0	0.0	7858.0	500.0	6576.0
3549.0	473.0	7858.0	0.0	7118.0	3549.0
6026.0	7674.0	500.0	7118.0	0.0	6070.0
0.0	4291.0	6576.0	3549.0	6070.0	0.0
