0.0	5426.0	6741.0	4441.0	6096.0	0.0
5426.0	0.0	8853.0	1012.0	8361.0	5452.0
6741.0	8853.0	0.0	8397.0	708.0	6866.0
4441.0	1012.0	8397.0	0.0	8001.0	4467.0
6096.0	8361.0	708.0	8001.0	0.0	6211.0
0.0	5452.0	6866.0	4467.0	6211.0	0.0
