0.0	8527.0	6945.0	7687.0	6018.0	0.0
8527.0	0.0	8079.0	900.0	8142.0	8457.0
6945.0	8079.0	0.0	7239.0	918.0	7067.0
7687.0	900.0	7239.0	0.0	7302.0	7617.0
6018.0	8142.0	918.0	7302.0	0.0	6128.0
0.0	8457.0	7067.0	7617.0	6128.0	0.0
